mse: 20011445.63187561
mae: 2594.6111083675205
r2: 0.8711007462696337