mse: 18943766.85573973
mae: 1281.1011627258335
r2: 0.8779779604399309