mse: 18844738.10729332
mae: 1270.4824703262593
r2: 0.8786158319864154