mse: 18711894.096343197
mae: 1252.464405867304
r2: 0.8794715169873403