mse: 18719245.005298894
mae: 1272.500724991167
r2: 0.8794241677505055