mse: 19048336.99237432
mae: 1304.6999051523728
r2: 0.87730439528014