mse: 19072941.960640494
mae: 1316.9477123417678
r2: 0.877145907877185