mse: 19116517.337646913
mae: 1303.71807786401
r2: 0.8768652268269266