mse: 18905821.68309085
mae: 1285.4561797632055
r2: 0.8782223757873818