mse: 19093886.161299217
mae: 1333.7915095775127
r2: 0.877011000490455