mse: 18927947.115678106
mae: 1329.671748672808
r2: 0.8780798597592336